       C1 C2 D1 D2 D3 D4 A1 A2 A3 A4 T1 T2 T3 POP1 POP2  POP3 INET  EXTER
C1     0  0  1  1  1  1  0  0  0  0  0  0  0  1     1      1     0    0
C2     0  0  1  1  1  1  0  0  0  0  0  0  0  1     1      1     0    0
D1     1  1  0  0  0  0  1  1  1  1  0  0  0  0     0      0     0    0
D2     1  1  0  0  0  0  1  1  1  1  0  0  0  0     0      0     0    0
D3     1  1  0  0  0  0  1  1  1  1  0  0  0  0     0      0     0    0
D4     1  1  0  0  0  0  1  1  1  1  0  0  0  0     0      0     0    0
A1     0  0  1  1  1  1  0  0  0  0  1  0  0  0     0      0     0    0
A2     0  0  1  1  1  1  0  0  0  0  0  1  0  0     0      0     0    0
A3     0  0  1  1  1  1  0  0  0  0  0  0  1  0     0      0     0    0
A4     0  0  1  1  1  1  0  0  0  0  0  0  0  0     0      0     0    0
T1     0  0  0  0  0  0  1  0  0  0  0  0  0  0     0      0     0    0
T2     0  0  0  0  0  0  0  1  0  0  0  0  0  0     0      0     0    0
T3     0  0  0  0  0  0  0  0  1  0  0  0  0  0     0      0     0    0
POP1   1  1  0  0  0  0  0  0  0  0  0  0  0  0     0      0     1    0
POP2   1  1  0  0  0  0  0  0  0  0  0  0  0  0     0      0     1    0
POP3   1  1  0  0  0  0  0  0  0  0  0  0  0  0     0      0     1    0
INET   0  0  0  0  0  0  0  0  0  0  0  0  0  1     1      1     0    1
EXTER  0  0  0  0  0  0  0  0  0  0  0  0  0  0     0      0     1    0

